<?xml version="1.0" encoding="UTF-8"?>
<!DOCTYPE svg PUBLIC "-//W3C//DTD SVG 1.1//EN" "http://www.w3.org/Graphics/SVG/1.1/DTD/svg11.dtd">
<!-- Creator: CorelDRAW 2021 (64-Bit) -->
<svg xmlns="http://www.w3.org/2000/svg" xml:space="preserve" width="510px" height="30px" version="1.1" style="shape-rendering:geometricPrecision; text-rendering:geometricPrecision; image-rendering:optimizeQuality; fill-rule:evenodd; clip-rule:evenodd"
viewBox="0 0 1303.63 49.64"
 xmlns:xlink="http://www.w3.org/1999/xlink"
 xmlns:xodm="http://www.corel.com/coreldraw/odm/2003">
 <defs>
  <style type="text/css">
   <![CDATA[
    .str0 {stroke:black;stroke-width:2.61;stroke-linecap:round;stroke-linejoin:round;stroke-miterlimit:2.61313}
    .str1 {stroke:black;stroke-width:2.61;stroke-linecap:round;stroke-linejoin:round;stroke-miterlimit:2.61313}
    .fil1 {fill:none}
    .fil0 {fill:black;fill-rule:nonzero}
   ]]>
  </style>
 </defs>
 <g id="Layer_x0020_1">
  <metadata id="CorelCorpID_0Corel-Layer"/>
  <g>
   <path id="Vector_x0020_2137" class="fil0" d="M97.23 2.93l2.06 1.62 0 0 -0.23 0.29 -0.23 0.31 -0.22 0.3 -0.22 0.31 -0.21 0.32 -0.2 0.32 -0.2 0.32 -0.2 0.33 -0.19 0.33 -0.18 0.33 -0.18 0.34 -0.18 0.34 -0.17 0.35 -0.16 0.35 -0.16 0.35 -0.15 0.36 -0.15 0.36 -0.14 0.36 -0.13 0.37 -0.13 0.38 -0.12 0.37 -0.12 0.38 -0.11 0.38 -0.1 0.39 -0.1 0.39 -0.1 0.4 -0.08 0.39 -0.08 0.4 -0.07 0.41 -0.07 0.41 -0.06 0.41 -0.05 0.41 -2.6 -0.31 0.06 -0.46 0.07 -0.45 0.07 -0.45 0.08 -0.45 0.09 -0.45 0.1 -0.44 0.1 -0.44 0.11 -0.43 0.11 -0.43 0.13 -0.43 0.13 -0.42 0.13 -0.42 0.15 -0.41 0.15 -0.41 0.16 -0.41 0.16 -0.4 0.17 -0.4 0.17 -0.4 0.19 -0.39 0.18 -0.38 0.2 -0.39 0.2 -0.37 0.21 -0.38 0.21 -0.37 0.22 -0.36 0.22 -0.36 0.23 -0.36 0.24 -0.35 0.24 -0.34 0.24 -0.35 0.25 -0.33 0.26 -0.34 0 0zm0 0c0.45,-0.56 1.27,-0.66 1.84,-0.22 0.56,0.45 0.66,1.27 0.22,1.84l-2.06 -1.62zm10.06 0l-2.05 1.62 0 0 -0.15 -0.18 -0.16 -0.17 -0.16 -0.16 -0.17 -0.14 -0.18 -0.13 -0.17 -0.12 -0.19 -0.11 -0.19 -0.09 -0.19 -0.09 -0.2 -0.07 -0.19 -0.07 -0.21 -0.05 -0.2 -0.04 -0.21 -0.02 -0.2 -0.02 -0.21 -0.01 -0.21 0.01 -0.2 0.02 -0.21 0.02 -0.2 0.04 -0.2 0.05 -0.2 0.07 -0.2 0.07 -0.19 0.09 -0.19 0.09 -0.18 0.11 -0.18 0.12 -0.18 0.13 -0.16 0.14 -0.17 0.16 -0.15 0.17 -0.15 0.18 -2.06 -1.62 0.25 -0.29 0.26 -0.28 0.27 -0.26 0.28 -0.24 0.3 -0.22 0.3 -0.2 0.32 -0.19 0.32 -0.16 0.32 -0.15 0.34 -0.12 0.33 -0.11 0.35 -0.09 0.34 -0.06 0.35 -0.05 0.35 -0.03 0.35 -0.01 0.35 0.01 0.35 0.03 0.35 0.05 0.35 0.06 0.34 0.09 0.34 0.11 0.33 0.12 0.33 0.15 0.32 0.16 0.31 0.19 0.3 0.2 0.3 0.22 0.28 0.24 0.28 0.26 0.26 0.28 0.24 0.29 0 0zm0 0c0.45,0.57 0.35,1.39 -0.22,1.84 -0.57,0.44 -1.39,0.34 -1.83,-0.22l2.05 -1.62zm4.09 11.63l-0.31 2.6 -1.14 -1.15 -0.06 -0.41 -0.06 -0.41 -0.06 -0.41 -0.08 -0.41 -0.08 -0.4 -0.08 -0.39 -0.09 -0.4 -0.1 -0.39 -0.11 -0.39 -0.11 -0.38 -0.12 -0.38 -0.12 -0.37 -0.13 -0.38 -0.13 -0.37 -0.14 -0.36 -0.15 -0.36 -0.15 -0.36 -0.16 -0.35 -0.16 -0.35 -0.17 -0.35 -0.17 -0.34 -0.18 -0.34 -0.19 -0.33 -0.19 -0.33 -0.19 -0.33 -0.2 -0.32 -0.21 -0.32 -0.21 -0.32 -0.22 -0.31 -0.22 -0.3 -0.22 -0.31 -0.23 -0.29 2.05 -1.62 0.26 0.34 0.25 0.33 0.25 0.35 0.24 0.34 0.23 0.35 0.23 0.36 0.23 0.36 0.21 0.36 0.22 0.37 0.2 0.38 0.2 0.37 0.2 0.39 0.19 0.38 0.18 0.39 0.17 0.4 0.17 0.4 0.17 0.4 0.15 0.41 0.15 0.41 0.15 0.41 0.13 0.42 0.13 0.42 0.13 0.43 0.11 0.43 0.11 0.43 0.11 0.44 0.09 0.44 0.09 0.45 0.08 0.45 0.08 0.45 0.06 0.45 0.06 0.46 -1.14 -1.14zm1.14 1.14c0.09,0.72 -0.42,1.37 -1.14,1.46 -0.72,0.08 -1.37,-0.43 -1.45,-1.15l2.59 -0.31zm11.63 4.09l-1.61 2.06 0 -0.01 -0.3 -0.23 -0.31 -0.22 -0.3 -0.22 -0.31 -0.22 -0.32 -0.21 -0.31 -0.2 -0.33 -0.2 -0.32 -0.2 -0.33 -0.19 -0.34 -0.18 -0.34 -0.18 -0.34 -0.18 -0.35 -0.17 -0.34 -0.16 -0.36 -0.16 -0.36 -0.15 -0.36 -0.15 -0.36 -0.14 -0.37 -0.13 -0.37 -0.13 -0.38 -0.12 -0.38 -0.12 -0.38 -0.11 -0.39 -0.1 -0.39 -0.1 -0.39 -0.1 -0.4 -0.08 -0.4 -0.08 -0.41 -0.07 -0.41 -0.07 -0.41 -0.06 -0.41 -0.05 0.31 -2.6 0.46 0.06 0.45 0.07 0.46 0.07 0.44 0.08 0.45 0.09 0.44 0.1 0.44 0.1 0.43 0.11 0.43 0.11 0.43 0.13 0.42 0.13 0.42 0.13 0.41 0.15 0.42 0.15 0.4 0.15 0.41 0.17 0.39 0.17 0.4 0.17 0.39 0.19 0.39 0.18 0.38 0.2 0.38 0.2 0.37 0.2 0.37 0.22 0.36 0.22 0.36 0.22 0.36 0.23 0.35 0.23 0.35 0.25 0.34 0.24 0.34 0.25 0.33 0.26 0 0zm0 0c0.57,0.45 0.67,1.27 0.22,1.84 -0.45,0.56 -1.27,0.66 -1.83,0.21l1.61 -2.05zm0 10.06l-1.61 -2.05 0 0 0.18 -0.15 0.16 -0.16 0.16 -0.16 0.14 -0.17 0.13 -0.18 0.12 -0.18 0.11 -0.18 0.1 -0.19 0.08 -0.19 0.07 -0.2 0.07 -0.19 0.05 -0.21 0.04 -0.2 0.03 -0.21 0.01 -0.2 0.01 -0.21 -0.01 -0.21 -0.01 -0.2 -0.03 -0.21 -0.04 -0.2 -0.05 -0.2 -0.07 -0.2 -0.07 -0.2 -0.08 -0.19 -0.1 -0.19 -0.11 -0.18 -0.12 -0.18 -0.13 -0.18 -0.14 -0.17 -0.16 -0.16 -0.16 -0.15 -0.18 -0.15 1.61 -2.06 0.29 0.25 0.28 0.26 0.26 0.27 0.24 0.28 0.22 0.3 0.21 0.3 0.18 0.31 0.16 0.32 0.15 0.33 0.12 0.34 0.11 0.33 0.09 0.35 0.06 0.34 0.05 0.35 0.03 0.35 0.01 0.35 -0.01 0.35 -0.03 0.35 -0.05 0.35 -0.06 0.35 -0.09 0.34 -0.11 0.34 -0.12 0.33 -0.15 0.33 -0.16 0.32 -0.18 0.31 -0.21 0.3 -0.22 0.3 -0.24 0.28 -0.26 0.28 -0.28 0.25 -0.29 0.25 0 0zm0 0c-0.57,0.45 -1.39,0.35 -1.83,-0.22 -0.45,-0.57 -0.35,-1.39 0.22,-1.83l1.61 2.05zm-11.63 4.09l-2.59 -0.31 1.14 -1.14 0.41 -0.06 0.41 -0.06 0.41 -0.06 0.41 -0.08 0.4 -0.08 0.4 -0.08 0.39 -0.1 0.39 -0.09 0.39 -0.11 0.38 -0.11 0.38 -0.12 0.38 -0.12 0.37 -0.13 0.37 -0.13 0.36 -0.14 0.36 -0.15 0.36 -0.15 0.36 -0.16 0.34 -0.16 0.35 -0.17 0.34 -0.18 0.34 -0.17 0.34 -0.19 0.33 -0.19 0.32 -0.19 0.33 -0.21 0.31 -0.2 0.32 -0.21 0.31 -0.22 0.31 -0.22 0.3 -0.22 0.3 -0.23 1.61 2.05 -0.33 0.26 -0.34 0.25 -0.34 0.25 -0.35 0.24 -0.35 0.23 -0.36 0.23 -0.36 0.23 -0.36 0.21 -0.37 0.22 -0.37 0.2 -0.38 0.2 -0.38 0.2 -0.39 0.19 -0.39 0.18 -0.4 0.17 -0.39 0.17 -0.41 0.17 -0.4 0.15 -0.42 0.15 -0.41 0.15 -0.42 0.13 -0.42 0.13 -0.43 0.13 -0.43 0.11 -0.43 0.11 -0.44 0.11 -0.44 0.09 -0.45 0.09 -0.44 0.08 -0.46 0.07 -0.45 0.07 -0.46 0.06 1.14 -1.14zm-1.14 1.14c-0.72,0.09 -1.37,-0.42 -1.45,-1.14 -0.09,-0.72 0.42,-1.37 1.14,-1.45l0.31 2.59zm-4.09 11.63l-2.05 -1.61 0 -0.01 0.23 -0.29 0.22 -0.31 0.22 -0.3 0.22 -0.31 0.21 -0.32 0.21 -0.32 0.2 -0.32 0.19 -0.32 0.19 -0.34 0.19 -0.33 0.18 -0.34 0.17 -0.34 0.17 -0.35 0.16 -0.35 0.16 -0.35 0.15 -0.36 0.15 -0.36 0.14 -0.36 0.13 -0.37 0.13 -0.37 0.12 -0.38 0.12 -0.38 0.11 -0.38 0.11 -0.39 0.1 -0.39 0.09 -0.39 0.08 -0.4 0.08 -0.4 0.08 -0.41 0.06 -0.41 0.06 -0.41 0.06 -0.41 2.59 0.31 -0.06 0.46 -0.06 0.45 -0.08 0.46 -0.08 0.44 -0.09 0.45 -0.09 0.44 -0.11 0.44 -0.11 0.43 -0.11 0.43 -0.13 0.43 -0.13 0.42 -0.13 0.42 -0.15 0.41 -0.15 0.41 -0.15 0.41 -0.17 0.4 -0.16 0.4 -0.18 0.4 -0.18 0.39 -0.19 0.38 -0.2 0.39 -0.2 0.38 -0.2 0.37 -0.21 0.37 -0.22 0.36 -0.23 0.36 -0.23 0.36 -0.23 0.35 -0.24 0.35 -0.25 0.34 -0.25 0.34 -0.26 0.33 0 0zm0 0c-0.45,0.57 -1.27,0.66 -1.83,0.22 -0.57,-0.45 -0.67,-1.27 -0.22,-1.84l2.05 1.62zm-10.06 0l2.06 -1.62 0 0 0.15 0.18 0.15 0.17 0.17 0.16 0.16 0.14 0.18 0.13 0.18 0.12 0.18 0.11 0.19 0.09 0.19 0.09 0.2 0.07 0.2 0.07 0.2 0.05 0.2 0.04 0.21 0.03 0.21 0.01 0.2 0.01 0.21 -0.01 0.21 -0.01 0.2 -0.03 0.2 -0.04 0.21 -0.05 0.2 -0.07 0.19 -0.07 0.19 -0.08 0.19 -0.1 0.19 -0.11 0.18 -0.12 0.17 -0.13 0.17 -0.14 0.16 -0.16 0.16 -0.16 0.15 -0.18 2.05 1.61 -0.24 0.29 -0.26 0.28 -0.28 0.26 -0.28 0.24 -0.29 0.22 -0.31 0.21 -0.31 0.18 -0.32 0.16 -0.33 0.15 -0.33 0.12 -0.34 0.11 -0.34 0.09 -0.35 0.06 -0.35 0.05 -0.35 0.03 -0.35 0.01 -0.35 -0.01 -0.35 -0.03 -0.35 -0.05 -0.34 -0.06 -0.34 -0.09 -0.34 -0.11 -0.34 -0.12 -0.32 -0.15 -0.32 -0.16 -0.32 -0.18 -0.3 -0.21 -0.3 -0.22 -0.28 -0.24 -0.27 -0.26 -0.26 -0.28 -0.25 -0.29 0 0zm0 0c-0.44,-0.57 -0.35,-1.39 0.22,-1.83 0.57,-0.45 1.39,-0.35 1.84,0.21l-2.06 1.62zm-4.09 -11.63l0.32 -2.59 1.14 1.14 0.05 0.41 0.06 0.41 0.07 0.41 0.07 0.41 0.08 0.4 0.09 0.4 0.09 0.39 0.1 0.39 0.1 0.39 0.11 0.38 0.12 0.38 0.12 0.38 0.13 0.37 0.13 0.37 0.15 0.36 0.14 0.36 0.15 0.36 0.16 0.35 0.16 0.35 0.17 0.35 0.18 0.34 0.18 0.34 0.18 0.33 0.19 0.34 0.2 0.32 0.2 0.32 0.2 0.32 0.21 0.32 0.22 0.31 0.22 0.3 0.23 0.31 0.23 0.29 -2.06 1.62 -0.26 -0.33 -0.25 -0.34 -0.24 -0.34 -0.24 -0.35 -0.24 -0.35 -0.23 -0.36 -0.22 -0.36 -0.22 -0.36 -0.21 -0.37 -0.21 -0.37 -0.2 -0.38 -0.2 -0.39 -0.18 -0.38 -0.19 -0.39 -0.17 -0.4 -0.17 -0.4 -0.16 -0.4 -0.16 -0.41 -0.15 -0.41 -0.14 -0.41 -0.14 -0.42 -0.13 -0.42 -0.12 -0.43 -0.12 -0.43 -0.11 -0.43 -0.1 -0.44 -0.1 -0.44 -0.09 -0.45 -0.08 -0.44 -0.07 -0.46 -0.07 -0.45 -0.06 -0.46 1.14 1.14zm-1.14 -1.14c-0.08,-0.72 0.43,-1.37 1.14,-1.45 0.72,-0.09 1.37,0.42 1.46,1.14l-2.6 0.31zm-11.63 -4.09l1.62 -2.05 0 0 0.3 0.23 0.3 0.22 0.3 0.22 0.31 0.22 0.32 0.21 0.32 0.21 0.32 0.2 0.33 0.19 0.33 0.19 0.33 0.19 0.34 0.18 0.34 0.17 0.35 0.17 0.35 0.16 0.35 0.16 0.36 0.15 0.36 0.15 0.36 0.14 0.37 0.13 0.38 0.13 0.37 0.12 0.38 0.12 0.38 0.11 0.39 0.11 0.39 0.1 0.4 0.09 0.39 0.08 0.41 0.08 0.4 0.08 0.41 0.06 0.41 0.06 0.42 0.06 -0.32 2.59 -0.46 -0.06 -0.45 -0.07 -0.45 -0.07 -0.45 -0.08 -0.45 -0.09 -0.44 -0.09 -0.44 -0.11 -0.43 -0.11 -0.43 -0.11 -0.43 -0.13 -0.42 -0.13 -0.42 -0.13 -0.41 -0.15 -0.41 -0.15 -0.41 -0.15 -0.4 -0.17 -0.4 -0.17 -0.4 -0.17 -0.39 -0.18 -0.38 -0.19 -0.38 -0.2 -0.38 -0.2 -0.38 -0.2 -0.37 -0.22 -0.36 -0.21 -0.36 -0.23 -0.36 -0.23 -0.35 -0.23 -0.34 -0.24 -0.35 -0.25 -0.33 -0.25 -0.34 -0.26 0 0zm0 0c-0.56,-0.45 -0.66,-1.27 -0.22,-1.83 0.45,-0.57 1.27,-0.67 1.84,-0.22l-1.62 2.05zm0 -10.06l1.62 2.06 0 0 -0.18 0.15 -0.17 0.15 -0.16 0.16 -0.14 0.17 -0.13 0.18 -0.12 0.18 -0.11 0.18 -0.09 0.19 -0.09 0.19 -0.07 0.2 -0.06 0.2 -0.06 0.2 -0.04 0.2 -0.02 0.21 -0.02 0.2 -0.01 0.21 0.01 0.21 0.02 0.2 0.02 0.21 0.04 0.2 0.06 0.2 0.06 0.2 0.07 0.2 0.09 0.19 0.09 0.19 0.11 0.18 0.12 0.18 0.13 0.18 0.14 0.17 0.16 0.16 0.17 0.16 0.18 0.15 -1.62 2.05 -0.29 -0.25 -0.28 -0.25 -0.26 -0.28 -0.24 -0.28 -0.22 -0.3 -0.2 -0.3 -0.19 -0.31 -0.16 -0.32 -0.15 -0.33 -0.12 -0.33 -0.11 -0.34 -0.08 -0.34 -0.07 -0.35 -0.05 -0.35 -0.03 -0.35 -0.01 -0.35 0.01 -0.35 0.03 -0.35 0.05 -0.35 0.07 -0.34 0.08 -0.35 0.11 -0.33 0.12 -0.34 0.15 -0.33 0.16 -0.32 0.19 -0.31 0.2 -0.3 0.22 -0.3 0.24 -0.28 0.26 -0.27 0.28 -0.26 0.29 -0.25 0 0zm0 0c0.57,-0.44 1.39,-0.35 1.84,0.22 0.44,0.57 0.34,1.39 -0.22,1.84l-1.62 -2.06zm11.63 -4.09l2.6 0.31 -1.14 1.15 -0.42 0.05 -0.41 0.06 -0.41 0.07 -0.4 0.07 -0.41 0.08 -0.39 0.08 -0.4 0.1 -0.39 0.1 -0.39 0.1 -0.38 0.11 -0.38 0.12 -0.37 0.12 -0.38 0.13 -0.37 0.13 -0.36 0.14 -0.36 0.15 -0.36 0.15 -0.35 0.16 -0.35 0.16 -0.35 0.17 -0.34 0.18 -0.34 0.18 -0.33 0.18 -0.33 0.19 -0.33 0.2 -0.32 0.2 -0.32 0.2 -0.32 0.21 -0.31 0.22 -0.3 0.22 -0.3 0.22 -0.3 0.24 -1.62 -2.06 0.34 -0.26 0.33 -0.25 0.35 -0.24 0.34 -0.25 0.35 -0.23 0.36 -0.23 0.36 -0.22 0.36 -0.22 0.37 -0.21 0.38 -0.21 0.38 -0.2 0.38 -0.2 0.38 -0.18 0.39 -0.19 0.4 -0.17 0.4 -0.17 0.4 -0.16 0.41 -0.16 0.41 -0.15 0.41 -0.15 0.42 -0.13 0.42 -0.13 0.43 -0.13 0.43 -0.11 0.43 -0.11 0.44 -0.1 0.44 -0.1 0.45 -0.09 0.45 -0.08 0.45 -0.07 0.45 -0.07 0.46 -0.06 -1.14 1.14zm1.14 -1.14c0.72,-0.08 1.37,0.43 1.46,1.14 0.08,0.72 -0.43,1.37 -1.14,1.46l-0.32 -2.6z"/>
  </g>
  <g>
   <path id="Vector" class="fil0" d="M176.92 3.08l0 -2.61 0 0 0.04 0 0.05 0 0.04 0 0.05 0.01 0.04 0 0.05 0 0.04 0.01 0.04 0 0.05 0.01 0.05 0.01 0.04 0.01 0.05 0.01 0.04 0.01 0.04 0 0.05 0.02 0.04 0.01 0.04 0.01 0.05 0.01 0.05 0.02 0.04 0.01 0.03 0.02 0.05 0.01 0.04 0.02 0.05 0.02 0.04 0.02 0.03 0.01 0.05 0.02 0.04 0.03 0.04 0.02 0.04 0.02 0.04 0.02 0.04 0.03 -1.36 2.23 0 0 0 0 0 0 0 0 0.01 0 0 0 -0.01 0 0 0 0 0 0 0 0 0 -0.01 -0.01 0 0 0.01 0.01 0 0 0 -0.01 0 0 0 0.01 -0.01 -0.01 0 0 0 0 0 0 0 0 0 0 -0.01 0 0 0 0 0 0 0 0 0 0 0 0 0 0 0 0 0zm0 0c-0.72,0 -1.31,-0.58 -1.31,-1.3 0,-0.72 0.59,-1.31 1.31,-1.31l0 2.61zm0.1 -0.09l-1.62 -2.04 0.14 -0.1 0.04 -0.02 0.03 -0.02 0.05 -0.03 0.04 -0.02 0.04 -0.02 0.04 -0.02 0.04 -0.01 0.04 -0.02 0.05 -0.02 0.04 -0.02 0.04 -0.01 0.04 -0.02 0.04 -0.01 0.05 -0.02 0.04 -0.01 0.04 -0.01 0.05 -0.01 0.04 -0.02 0.04 0 0.04 -0.01 0.06 -0.01 0.04 -0.01 0.04 -0.01 0.05 -0.01 0.04 0 0.05 -0.01 0.04 0 0.05 0 0.04 -0.01 0.05 0 0.04 0 0.05 0 0 2.61 0 0 -0.01 0 0 0 0 0 0 0 0 0 0 0 -0.01 0 0.01 0 0 0 -0.01 0 0.01 0 0 0 -0.01 0.01 0 -0.01 0 0.01 0 0 0 0 -0.01 0 0.01 0 -0.01 0 0 0 0 0 0 0 0 0 -0.01 0 0.01 0 0 0 -0.01 0 0.01 0 -0.01 0 0 0 0.14 -0.1zm-0.14 0.1c-0.61,0.37 -1.42,0.17 -1.79,-0.44 -0.37,-0.62 -0.17,-1.43 0.45,-1.8l1.34 2.24zm0.29 -0.4l-2.61 0 0 0 0 -0.06 0 -0.07 0.01 -0.06 0 -0.06 0.01 -0.06 0.01 -0.06 0.01 -0.07 0.01 -0.06 0.02 -0.05 0.02 -0.07 0.01 -0.06 0.02 -0.06 0.03 -0.05 0.02 -0.06 0.02 -0.06 0.03 -0.05 0.02 -0.06 0.04 -0.06 0.03 -0.05 0.03 -0.05 0.03 -0.05 0.04 -0.05 0.03 -0.06 0.04 -0.05 0.04 -0.04 0.04 -0.05 0.04 -0.05 0.05 -0.05 0.04 -0.03 0.05 -0.05 0.05 -0.04 0.05 -0.04 1.62 2.04 0.01 0 0.01 -0.01 0.01 -0.01 0 0 0.01 -0.01 0.02 -0.02 0 0 0 -0.01 0.01 -0.01 0.01 -0.01 0.01 -0.01 0 0 0.01 -0.01 0 -0.01 0.01 -0.02 0.01 -0.01 0 0 0 -0.01 0 -0.01 0.01 -0.01 0 -0.01 0 -0.01 0.01 -0.02 0 0 0 -0.01 0.01 -0.02 0 -0.01 0 -0.01 0 -0.01 0 0 0 -0.02 0 -0.01 0 0zm0 0c0,0.72 -0.58,1.31 -1.31,1.31 -0.72,0 -1.3,-0.59 -1.3,-1.31l2.61 0zm-0.04 -0.17l-2.26 1.31 0.02 0.03 -0.02 -0.04 -0.02 -0.03 -0.02 -0.03 -0.02 -0.04 -0.02 -0.04 -0.01 -0.02 -0.02 -0.03 -0.01 -0.04 -0.02 -0.04 -0.01 -0.03 -0.02 -0.04 -0.01 -0.04 -0.01 -0.03 -0.02 -0.04 -0.01 -0.04 -0.01 -0.03 -0.01 -0.04 -0.01 -0.04 -0.01 -0.03 0 -0.04 -0.01 -0.04 -0.01 -0.05 -0.01 -0.03 0 -0.03 0 -0.04 -0.01 -0.03 0 -0.04 -0.01 -0.05 0 -0.04 0 -0.03 0 -0.04 0 -0.04 2.61 0 0 0 0 -0.01 0 -0.01 0 0 0 -0.02 0 0 0 -0.01 0 -0.01 0 0.01 0 -0.01 -0.01 -0.01 0 -0.01 0 -0.01 0 0 0 -0.01 0 0 -0.01 -0.01 0 -0.01 0 -0.01 0 0 0 0 -0.01 -0.01 0 -0.01 0 -0.01 -0.01 0 0 -0.01 0 0 0 0 -0.01 -0.02 0 0 0 0 -0.01 -0.01 0.02 0.03zm-0.02 -0.03c0.38,0.61 0.19,1.42 -0.42,1.8 -0.62,0.37 -1.42,0.18 -1.8,-0.43l2.22 -1.37zm2.88 18.98l-2.49 -0.8 0 0.01 0.14 -0.48 0.13 -0.49 0.11 -0.49 0.1 -0.51 0.07 -0.5 0.07 -0.52 0.05 -0.52 0.03 -0.53 0.02 -0.53 0 -0.53 -0.01 -0.54 -0.03 -0.54 -0.04 -0.55 -0.06 -0.55 -0.07 -0.54 -0.08 -0.55 -0.1 -0.55 -0.11 -0.55 -0.13 -0.55 -0.13 -0.55 -0.15 -0.55 -0.17 -0.54 -0.17 -0.54 -0.19 -0.54 -0.2 -0.53 -0.21 -0.53 -0.22 -0.53 -0.24 -0.52 -0.24 -0.51 -0.26 -0.5 -0.26 -0.5 -0.28 -0.49 2.26 -1.31 0.31 0.54 0.29 0.55 0.28 0.56 0.27 0.56 0.26 0.57 0.24 0.58 0.24 0.58 0.22 0.59 0.2 0.59 0.2 0.6 0.18 0.6 0.16 0.6 0.15 0.61 0.14 0.61 0.13 0.61 0.1 0.61 0.1 0.61 0.08 0.62 0.06 0.61 0.05 0.61 0.03 0.61 0.01 0.61 0 0.61 -0.02 0.61 -0.04 0.6 -0.06 0.6 -0.07 0.59 -0.09 0.6 -0.11 0.58 -0.13 0.58 -0.15 0.58 -0.17 0.56 0 0.01zm0 -0.01c-0.22,0.69 -0.95,1.07 -1.64,0.85 -0.69,-0.21 -1.07,-0.95 -0.85,-1.63l2.49 0.78zm-10.03 0.83l2.24 -1.34 0 0.01 0.14 0.21 0.15 0.2 0.16 0.19 0.16 0.17 0.17 0.15 0.18 0.14 0.19 0.12 0.18 0.11 0.2 0.09 0.19 0.08 0.2 0.06 0.2 0.06 0.2 0.03 0.2 0.02 0.2 0.01 0.2 0 0.2 -0.02 0.19 -0.03 0.19 -0.05 0.18 -0.06 0.18 -0.07 0.17 -0.08 0.16 -0.1 0.16 -0.11 0.15 -0.12 0.14 -0.14 0.13 -0.15 0.13 -0.16 0.12 -0.18 0.1 -0.2 0.1 -0.22 0.08 -0.24 2.49 0.8 -0.15 0.41 -0.17 0.4 -0.2 0.37 -0.23 0.35 -0.25 0.33 -0.27 0.3 -0.29 0.28 -0.3 0.25 -0.32 0.23 -0.34 0.19 -0.35 0.17 -0.35 0.15 -0.36 0.11 -0.37 0.09 -0.38 0.07 -0.38 0.03 -0.38 0.01 -0.38 -0.01 -0.37 -0.04 -0.38 -0.07 -0.37 -0.1 -0.37 -0.12 -0.36 -0.14 -0.36 -0.17 -0.34 -0.2 -0.33 -0.22 -0.32 -0.25 -0.31 -0.27 -0.29 -0.3 -0.28 -0.32 -0.25 -0.35 -0.24 -0.37 0.01 0.01zm-0.01 -0.01c-0.36,-0.62 -0.16,-1.42 0.47,-1.79 0.62,-0.36 1.42,-0.16 1.78,0.47l-2.25 1.32zm0.7 -1.58l-1.27 -2.29 1.83 0.62 0.03 0.06 0.03 0.06 0.02 0.06 0.03 0.06 0.03 0.07 0.03 0.06 0.03 0.06 0.03 0.06 0.03 0.06 0.03 0.06 0.02 0.06 0.04 0.06 0.03 0.06 0.03 0.06 0.03 0.06 0.03 0.06 0.03 0.06 0.03 0.07 0.03 0.06 0.03 0.06 0.04 0.05 0.03 0.06 0.03 0.06 0.03 0.06 0.04 0.06 0.03 0.06 0.03 0.06 0.04 0.06 0.03 0.06 0.04 0.06 0.03 0.06 0.03 0.05 -2.24 1.34 -0.04 -0.07 -0.04 -0.07 -0.04 -0.06 -0.04 -0.07 -0.04 -0.07 -0.04 -0.07 -0.03 -0.06 -0.04 -0.07 -0.04 -0.07 -0.04 -0.07 -0.03 -0.06 -0.04 -0.07 -0.04 -0.07 -0.03 -0.07 -0.04 -0.07 -0.03 -0.07 -0.04 -0.07 -0.04 -0.07 -0.03 -0.07 -0.04 -0.07 -0.03 -0.07 -0.03 -0.07 -0.04 -0.07 -0.03 -0.07 -0.03 -0.06 -0.04 -0.08 -0.03 -0.07 -0.03 -0.07 -0.03 -0.07 -0.04 -0.07 -0.03 -0.07 -0.03 -0.07 1.83 0.62zm-1.83 -0.62c-0.29,-0.66 0.01,-1.43 0.67,-1.72 0.66,-0.29 1.43,0.01 1.72,0.67l-2.39 1.05zm-4.58 11.51l-2.61 0 0 0 0.01 -0.52 0.02 -0.51 0.05 -0.5 0.06 -0.5 0.07 -0.5 0.1 -0.5 0.1 -0.48 0.13 -0.49 0.14 -0.48 0.15 -0.47 0.18 -0.47 0.18 -0.46 0.2 -0.45 0.22 -0.45 0.23 -0.44 0.24 -0.43 0.26 -0.42 0.27 -0.41 0.29 -0.41 0.3 -0.4 0.31 -0.38 0.33 -0.38 0.33 -0.36 0.35 -0.36 0.37 -0.34 0.37 -0.33 0.39 -0.33 0.4 -0.3 0.41 -0.3 0.42 -0.28 0.43 -0.27 0.44 -0.26 1.27 2.29 -0.37 0.21 -0.35 0.22 -0.35 0.23 -0.34 0.25 -0.33 0.25 -0.32 0.27 -0.31 0.27 -0.3 0.29 -0.29 0.29 -0.28 0.3 -0.27 0.31 -0.25 0.32 -0.25 0.33 -0.24 0.34 -0.22 0.34 -0.22 0.35 -0.2 0.35 -0.19 0.37 -0.18 0.37 -0.16 0.37 -0.16 0.38 -0.14 0.39 -0.13 0.39 -0.11 0.39 -0.11 0.4 -0.09 0.41 -0.07 0.41 -0.06 0.41 -0.05 0.41 -0.04 0.42 -0.02 0.42 -0.01 0.43 0 0zm0 0c0,0.72 -0.58,1.3 -1.3,1.3 -0.73,0 -1.31,-0.58 -1.31,-1.3l2.61 0zm0.01 0.3l-2.61 0.1 0 -0.02 0 -0.01 0 -0.01 0 -0.01 -0.01 -0.01 0 -0.01 0 -0.01 0 -0.02 0 -0.01 0 -0.01 0 -0.01 0 -0.01 0 -0.01 0 -0.01 0 -0.03 0 -0.01 0 0 0 -0.01 0 -0.02 0 -0.01 0 0 0 -0.03 0 -0.01 0 -0.01 0 -0.01 0 -0.01 0 -0.03 0 0.01 0 -0.01 0 -0.03 0 -0.01 0 -0.01 0 -0.01 2.61 0 0 0.01 0 0.01 0 0.01 0 -0.01 0 0.02 0 0.02 0 0 0 0.01 0 0.01 0 0.01 0 0.01 0 0 0 0.02 0 0.02 0 -0.01 0 0.01 0 0.03 0 0.01 0 0 0 0.01 0 0.01 0 0.01 0.01 0.01 0 0.01 0 0.01 0 0.01 0 0.01 0 0.02 0 0.01 0 0.01 0 0.01 0 0.01 0 -0.02zm0 0.02c0.02,0.72 -0.56,1.32 -1.28,1.34 -0.72,0.01 -1.32,-0.56 -1.33,-1.28l2.61 -0.06zm16.39 14.65l0 2.61 0 0 -1.11 -0.02 -1.07 -0.06 -1.04 -0.1 -1.01 -0.14 -0.98 -0.18 -0.95 -0.22 -0.92 -0.26 -0.88 -0.29 -0.86 -0.33 -0.82 -0.36 -0.79 -0.41 -0.76 -0.43 -0.73 -0.47 -0.69 -0.5 -0.66 -0.54 -0.62 -0.56 -0.59 -0.6 -0.55 -0.62 -0.51 -0.65 -0.49 -0.68 -0.44 -0.7 -0.41 -0.73 -0.37 -0.74 -0.34 -0.77 -0.3 -0.79 -0.26 -0.81 -0.23 -0.83 -0.2 -0.85 -0.16 -0.86 -0.12 -0.88 -0.09 -0.89 -0.05 -0.91 2.61 -0.1 0.04 0.8 0.08 0.79 0.11 0.77 0.14 0.75 0.17 0.74 0.2 0.71 0.22 0.69 0.26 0.68 0.29 0.65 0.31 0.63 0.34 0.61 0.37 0.59 0.4 0.56 0.43 0.54 0.46 0.52 0.49 0.49 0.52 0.47 0.54 0.45 0.58 0.42 0.61 0.39 0.64 0.37 0.67 0.34 0.7 0.31 0.74 0.28 0.76 0.26 0.8 0.22 0.84 0.19 0.87 0.16 0.9 0.12 0.93 0.1 0.97 0.05 1.01 0.02 0 0zm0 0c0.72,0 1.3,0.58 1.3,1.31 0,0.72 -0.58,1.3 -1.3,1.3l0 -2.61zm16.38 -14.68l2.61 0.12 0 0 -0.05 0.87 -0.09 0.87 -0.13 0.85 -0.16 0.85 -0.19 0.82 -0.23 0.82 -0.27 0.8 -0.3 0.78 -0.34 0.76 -0.37 0.75 -0.41 0.72 -0.44 0.7 -0.48 0.68 -0.51 0.66 -0.55 0.62 -0.59 0.61 -0.62 0.57 -0.65 0.54 -0.69 0.52 -0.73 0.48 -0.75 0.44 -0.79 0.42 -0.83 0.37 -0.85 0.35 -0.89 0.3 -0.92 0.27 -0.95 0.22 -0.98 0.19 -1.01 0.15 -1.05 0.11 -1.07 0.06 -1.1 0.02 0 -2.61 1 -0.02 0.96 -0.06 0.94 -0.09 0.9 -0.13 0.86 -0.17 0.83 -0.2 0.8 -0.23 0.77 -0.26 0.73 -0.3 0.71 -0.32 0.67 -0.35 0.64 -0.38 0.6 -0.4 0.58 -0.43 0.55 -0.46 0.52 -0.48 0.49 -0.5 0.46 -0.52 0.43 -0.55 0.4 -0.57 0.37 -0.59 0.35 -0.61 0.31 -0.63 0.29 -0.65 0.25 -0.66 0.23 -0.69 0.2 -0.7 0.17 -0.72 0.14 -0.73 0.11 -0.75 0.08 -0.76 0.04 -0.77 0 0zm0 0c0.04,-0.72 0.65,-1.28 1.37,-1.25 0.72,0.04 1.28,0.65 1.24,1.37l-2.61 -0.12zm-20.08 -28.79l1.36 -2.23 -0.13 -0.07 1.3 0.63 1.27 0.67 1.22 0.7 1.19 0.75 1.16 0.77 1.11 0.81 1.07 0.84 1.04 0.87 0.99 0.9 0.96 0.92 0.91 0.95 0.88 0.96 0.83 0.99 0.79 1.01 0.75 1.02 0.71 1.04 0.66 1.05 0.63 1.07 0.57 1.07 0.54 1.09 0.49 1.09 0.45 1.09 0.4 1.1 0.36 1.11 0.31 1.1 0.27 1.1 0.22 1.1 0.17 1.1 0.13 1.09 0.08 1.08 0.02 1.07 -0.02 1.07 -2.61 -0.12 0.02 -0.94 -0.02 -0.95 -0.07 -0.97 -0.12 -0.98 -0.15 -0.99 -0.2 -1 -0.24 -1 -0.29 -1.01 -0.33 -1 -0.37 -1.01 -0.41 -1.01 -0.45 -1.01 -0.5 -1 -0.53 -0.99 -0.58 -0.99 -0.62 -0.98 -0.65 -0.96 -0.7 -0.95 -0.74 -0.94 -0.77 -0.92 -0.82 -0.9 -0.85 -0.88 -0.89 -0.86 -0.93 -0.84 -0.96 -0.81 -1 -0.78 -1.04 -0.76 -1.08 -0.72 -1.11 -0.7 -1.15 -0.66 -1.18 -0.62 -1.22 -0.59 -0.13 -0.07zm0.13 0.07c-0.65,-0.31 -0.94,-1.08 -0.63,-1.74 0.3,-0.65 1.07,-0.94 1.73,-0.63l-1.1 2.37z"/>
  </g>
  <path id="Intersect" class="fil1 str0" d="M1176.87 37.12c0.58,5.42 4.94,9.78 10.35,10.38 4.03,0.45 8.16,0.83 12.37,0.83 4.21,0 8.35,-0.38 12.37,-0.83 5.42,-0.6 9.78,-4.96 10.36,-10.38 0.43,-4 0.79,-8.11 0.79,-12.3 0,-4.19 -0.36,-8.3 -0.79,-12.3 -0.58,-5.42 -4.94,-9.78 -10.36,-10.38 -4.02,-0.45 -8.16,-0.83 -12.37,-0.83 -4.21,0 -8.34,0.38 -12.37,0.83 -5.41,0.6 -9.77,4.96 -10.35,10.38 -0.43,4 -0.79,8.11 -0.79,12.3 0,4.19 0.36,8.3 0.79,12.3zm13.32 -9.95l6.84 7.06c3.22,-9.25 5.9,-13.31 11.97,-18.81"/>
  <path id="Vector_0" class="fil1 str0" d="M1253.63 37.1l0 3.74c0,0 0,0 0,0 0,4.14 3.35,7.49 7.49,7.49l33.71 0c4.14,0 7.49,-3.35 7.49,-7.49l0 -3.74m-12.07 -16.66c-2.45,4.91 -7.36,9.82 -12.27,12.28 -4.92,-2.46 -9.83,-7.37 -12.29,-12.28m12.28 -19.13l0 31.28"/>
  <path id="Vector_3" class="fil1 str0" d="M46.46 47.4l-8.08 -8.08m-15.85 5.37c13.58,0 21.22,-7.64 21.22,-21.22 0,-13.59 -7.64,-21.22 -21.22,-21.22 -13.59,0 -21.22,7.63 -21.22,21.22 0,13.58 7.63,21.22 21.22,21.22l0 0z"/>
  <path id="Intersect_1" class="fil1 str1" d="M1031.46 8.17c0.23,-1.76 1.66,-3.14 3.43,-3.31 4.27,-0.4 8.72,-0.91 13.3,-0.91 4.58,0 9.03,0.51 13.3,0.91 1.77,0.17 3.19,1.55 3.43,3.31 0.45,3.43 0.97,6.99 0.97,10.65 0,3.66 -0.52,7.23 -0.97,10.65 -0.24,1.77 -1.66,3.15 -3.43,3.31m-7.29 8.69c-0.23,1.76 -1.66,3.14 -3.43,3.31 -4.26,0.4 -8.72,0.91 -13.3,0.91 -4.58,0 -9.03,-0.51 -13.3,-0.91 -1.77,-0.17 -3.19,-1.55 -3.43,-3.31 -0.45,-3.43 -0.97,-6.99 -0.97,-10.65 0,-3.66 0.52,-7.23 0.97,-10.65 0.24,-1.76 1.66,-3.14 3.43,-3.31 4.27,-0.4 8.72,-0.91 13.3,-0.91 4.58,0 9.04,0.51 13.3,0.91 1.77,0.17 3.2,1.55 3.43,3.31 0.45,3.42 0.97,6.99 0.97,10.65 0,3.66 -0.52,7.22 -0.97,10.65zm0.37 -3.07c-1.85,-2.21 -3.42,-3.7 -5.65,-5.28 -2.09,-1.48 -4.88,-1.59 -6.97,-0.11 -4.55,3.24 -8.4,7.85 -11.02,12.39m0.53 -13.83c-2.89,0 -4.52,-1.62 -4.52,-4.51 0,-2.89 1.63,-4.52 4.52,-4.52 2.89,0 4.52,1.63 4.52,4.52 0,2.89 -1.63,4.51 -4.52,4.51z"/>
  <path id="Vector_x0020_1187" class="fil1 str1" d="M1116.58 21.12l1.84 0c2.03,0 3.69,1.65 3.69,3.69l0 10.09m-5.47 0l10.99 0m-5.47 -22.2l0 1.19m-23.67 23.23c0.58,5.42 4.94,9.78 10.35,10.38 4.03,0.45 8.16,0.83 12.37,0.83 4.21,0 8.35,-0.38 12.37,-0.83 5.42,-0.6 9.78,-4.96 10.36,-10.38 0.42,-4 0.79,-8.11 0.79,-12.3 0,-4.19 -0.37,-8.3 -0.79,-12.3 -0.58,-5.42 -4.94,-9.78 -10.36,-10.38 -4.02,-0.45 -8.16,-0.83 -12.37,-0.83 -4.21,0 -8.34,0.38 -12.37,0.83 -5.41,0.6 -9.77,4.96 -10.35,10.38 -0.43,4 -0.79,8.11 -0.79,12.3 0,4.19 0.36,8.3 0.79,12.3z"/>
  <path id="Vector_2" class="fil1 str1" d="M987.42 19.11c0.06,-0.61 0.09,-1.23 0.09,-1.86 -0.15,-10.47 -11.92,-20.19 -23.06,-6.51 -11.14,-13.68 -22.91,-3.96 -23.06,6.51 0,15.57 18.6,28.35 23.04,28.39m23.08 -13.44c0,-7.54 -4.24,-11.78 -11.79,-11.78 -6.84,0 -11.78,4.87 -11.78,11.78 0,7.55 4.24,11.79 11.78,11.79 6.84,0 11.79,-4.88 11.79,-11.79zm-8.65 -3.41c0,0 -1.18,-1.32 -3.09,-1.15 -1.91,0.16 -2.83,1.34 -2.83,2.51 0,3.44 5.92,1.06 5.92,4.58 0,1.81 -3.93,3.1 -6.27,0.96m3.41 -10.36l0 2.29m0 9.17l0 2.29"/>
  <path id="Intersect_3" class="fil1 str0" d="M628.2 37.12c0.58,5.42 4.94,9.78 10.36,10.38 4.02,0.45 8.16,0.83 12.37,0.83 4.21,0 8.34,-0.38 12.37,-0.83 5.41,-0.6 9.77,-4.96 10.35,-10.38 0.43,-4 0.79,-8.11 0.79,-12.3 0,-4.19 -0.36,-8.3 -0.79,-12.3 -0.58,-5.42 -4.94,-9.78 -10.35,-10.38 -4.03,-0.45 -8.16,-0.83 -12.37,-0.83 -4.21,0 -8.35,0.38 -12.37,0.83 -5.42,0.6 -9.78,4.96 -10.36,10.38 -0.43,4 -0.79,8.11 -0.79,12.3 0,4.19 0.36,8.3 0.79,12.3zm19.38 1.38l6.69 -0.08 0 -8.55 5.35 0 0 -6.69 -5.35 0 0 -2.67c0,-1.48 1.2,-2.68 2.68,-2.68l2.67 0 0 -4.01c0,-1.48 -1.19,-2.68 -2.67,-2.68l-1.34 0c-4.43,0 -8.03,3.6 -8.03,8.03l0 4.01 -5.35 0 0 6.69 5.35 0 0 8.63z"/>
  <path id="Intersect_4" class="fil1 str0" d="M706.58 37.12c0.58,5.42 4.94,9.78 10.36,10.38 4.02,0.45 8.16,0.83 12.37,0.83 4.21,0 8.34,-0.38 12.37,-0.83 5.41,-0.6 9.77,-4.96 10.35,-10.38 0.43,-4 0.79,-8.11 0.79,-12.3 0,-4.19 -0.36,-8.3 -0.79,-12.3 -0.58,-5.42 -4.94,-9.78 -10.35,-10.38 -4.03,-0.45 -8.16,-0.83 -12.37,-0.83 -4.21,0 -8.35,0.38 -12.37,0.83 -5.42,0.6 -9.78,4.96 -10.36,10.38 -0.43,4 -0.79,8.11 -0.79,12.3 0,4.19 0.36,8.3 0.79,12.3zm10.95 -25.98l5.67 0 19.29 25.68c0.25,0.33 0.29,0.74 0.1,1.1 -0.18,0.36 -0.53,0.58 -0.94,0.58l-5.66 0 -19.3 -25.68c-0.24,-0.33 -0.28,-0.73 -0.1,-1.1 0.18,-0.36 0.53,-0.58 0.94,-0.58zm22.96 0l-9.42 10.48m-4.23 4.71l-10.93 12.17"/>
  <path id="Intersect_5" class="fil1 str0" d="M806 27.02c4.15,3.7 11.3,1.24 11.44,-6.86 0.07,-4.53 -3.01,-8.78 -9.29,-9.01 -6.29,-0.23 -9.8,3.83 -10.21,7.78 -0.22,2.02 0.35,3.54 0.96,4.55m4.47 -0.61c0,0 -1.94,7.74 -2.16,9.05 -0.22,1.32 -0.5,6.48 0,6.58 0.5,0.1 2.98,-3.62 3.43,-5.98 0.44,-2.36 2.93,-11.17 3.38,-13.11 0.46,-1.93 -0.4,-3.37 -1.97,-3.32 -1.57,0.05 -4.27,1.93 -2.68,6.78zm-18.41 14.25c0.58,5.42 4.94,9.78 10.36,10.38 4.02,0.45 8.16,0.83 12.37,0.83 4.21,0 8.34,-0.38 12.37,-0.83 5.42,-0.6 9.77,-4.96 10.35,-10.38 0.43,-4 0.79,-8.11 0.79,-12.3 0,-4.19 -0.36,-8.3 -0.79,-12.3 -0.58,-5.42 -4.93,-9.78 -10.35,-10.38 -4.03,-0.45 -8.16,-0.83 -12.37,-0.83 -4.21,0 -8.35,0.38 -12.37,0.83 -5.42,0.6 -9.78,4.96 -10.36,10.38 -0.42,4 -0.79,8.11 -0.79,12.3 0,4.19 0.37,8.3 0.79,12.3z"/>
  <path id="Intersect_6" class="fil1 str0" d="M236.32 37.09c0.58,5.42 4.94,9.78 10.36,10.38 4.02,0.45 8.16,0.83 12.37,0.83 4.21,0 8.34,-0.38 12.37,-0.83 5.42,-0.6 9.78,-4.96 10.35,-10.38 0.3,-2.77 0.56,-5.59 0.7,-8.45l-16.6 0 0 4.26 -14.36 0c0,-8.48 0,-6.75 0,-15.2l3.84 0 0 -16.33c-2.94,0.14 -5.83,0.42 -8.67,0.74 -5.42,0.6 -9.78,4.96 -10.36,10.38 -0.42,4 -0.78,8.11 -0.78,12.3 0,4.19 0.36,8.3 0.78,12.3zm46.19 -15.14c-0.11,-3.21 -0.4,-6.36 -0.74,-9.46 -0.58,-5.42 -4.93,-9.78 -10.35,-10.38 -3.07,-0.34 -6.2,-0.65 -9.39,-0.77l0 16.36 3.84 0 0 4.25 16.64 0z"/>
  <path id="Vector_7" class="fil1 str0" d="M863.34 37.12c0.58,5.42 4.94,9.78 10.36,10.38 4.03,0.45 8.16,0.83 12.37,0.83 4.21,0 8.34,-0.38 12.37,-0.83 5.42,-0.6 9.78,-4.96 10.35,-10.38 0.43,-4 0.79,-8.11 0.79,-12.3 0,-4.19 -0.36,-8.3 -0.79,-12.3 -0.58,-5.42 -4.93,-9.78 -10.35,-10.38 -4.03,-0.45 -8.16,-0.83 -12.37,-0.83 -4.21,0 -8.34,0.38 -12.37,0.83 -5.42,0.6 -9.78,4.96 -10.36,10.38 -0.42,4 -0.78,8.11 -0.78,12.3 0,4.19 0.36,8.3 0.78,12.3zm34.76 -24.33c2.2,2.21 2.2,5.81 0,8.01l-4.02 4.02c-2.2,2.2 -5.81,2.2 -8.01,0 -2.2,-2.2 -2.2,-5.81 0,-8.01l4.02 -4.02c2.2,-2.2 5.8,-2.2 8.01,0zm-12.03 12.03c2.2,2.2 2.2,5.81 0,8.01l-4.02 4.02c-2.2,2.2 -5.81,2.2 -8.01,0 -2.2,-2.2 -2.2,-5.81 0,-8.01l4.02 -4.02c2.2,-2.2 5.81,-2.2 8.01,0zm5.79 -5.79l-11.58 11.58"/>
  <path id="Intersect_8" class="fil1 str0" d="M549.82 37.12c0.58,5.42 4.94,9.78 10.36,10.38 4.02,0.45 8.15,0.83 12.37,0.83 4.21,0 8.34,-0.38 12.36,-0.83 5.42,-0.6 9.78,-4.96 10.36,-10.38 0.43,-4 0.79,-8.11 0.79,-12.3 0,-4.19 -0.36,-8.3 -0.79,-12.3 -0.58,-5.42 -4.94,-9.78 -10.36,-10.38 -4.02,-0.45 -8.15,-0.83 -12.36,-0.83 -4.22,0 -8.35,0.38 -12.37,0.83 -5.42,0.6 -9.78,4.96 -10.36,10.38 -0.43,4 -0.79,8.11 -0.79,12.3 0,4.19 0.36,8.3 0.79,12.3zm36.97 -0.15c0.69,-0.33 1.25,-2.66 1.32,-5.56 0.06,-2.15 0.1,-4.35 0.1,-6.59 0,-2.24 -0.04,-4.44 -0.1,-6.58 -0.07,-2.91 -0.63,-5.24 -1.32,-5.56m-5.16 13.8c0.23,-0.54 0.43,-1.1 0.43,-1.66 0,-0.56 -0.2,-1.12 -0.43,-1.65 -0.16,-0.19 -0.32,-0.39 -0.47,-0.58 -1.39,-1.66 -2.78,-3.26 -4.14,-4.81 -1.84,-2.1 -3.63,-3.42 -4.25,-3.15 -0.47,0.2 -0.92,0.44 -1.26,0.84 -0.33,0.4 -0.53,0.94 -0.69,1.5 -0.22,0.71 0.73,2.63 2.29,4.69 -1.2,-0.02 -2.41,-0.04 -3.64,-0.04 -2.24,0 -4.44,0.05 -6.58,0.11 -2.91,0.08 -5.24,0.67 -5.56,1.41 -0.24,0.55 -0.45,1.11 -0.45,1.68 0,0.57 0.21,1.14 0.45,1.68 0.32,0.74 2.65,1.33 5.56,1.41 2.14,0.06 4.34,0.11 6.58,0.11 1.23,0 2.44,-0.01 3.64,-0.04 -1.56,2.06 -2.51,3.98 -2.29,4.69 0.16,0.56 0.36,1.1 0.69,1.5 0.34,0.4 0.79,0.64 1.26,0.84 0.62,0.27 2.41,-1.05 4.25,-3.15 1.36,-1.55 2.75,-3.15 4.14,-4.81 0.15,-0.19 0.31,-0.38 0.47,-0.57z"/>
  <path id="Rectangle_x0020_15" class="fil1 str0" d="M487.25 48.33l0 -12.61c0,-3.82 3.09,-6.91 6.91,-6.91 3.83,0 6.92,3.09 6.92,6.91l0 12.61 6.21 0c2.77,0 5.14,-2.02 5.56,-4.77 0.67,-4.36 0.83,-8.78 0.46,-13.17l5.08 0c1.63,0 2.63,-1.81 1.75,-3.19l-0.88 -1.38c-5.28,-8.32 -12,-15.63 -19.85,-21.59l-2.74 -2.08c-1.48,-1.12 -3.53,-1.12 -5.01,0l-2.74 2.08c-7.85,5.96 -14.57,13.27 -19.85,21.59l-0.88 1.38c-0.88,1.38 0.12,3.19 1.75,3.19l5.08 0c-0.36,4.39 -0.21,8.81 0.46,13.17 0.43,2.75 2.79,4.77 5.56,4.77l6.21 0z"/>
  <path id="Intersect_9" class="fil1 str0" d="M438.51 37.12c-0.58,5.42 -4.94,9.78 -10.36,10.38 -4.02,0.45 -8.15,0.83 -12.37,0.83 -4.21,0 -8.34,-0.38 -12.36,-0.83 -5.42,-0.6 -9.78,-4.96 -10.36,-10.38 -0.43,-4 -0.79,-8.11 -0.79,-12.3 0,-4.19 0.36,-8.3 0.79,-12.3 0.58,-5.42 4.94,-9.78 10.36,-10.38 4.02,-0.45 8.15,-0.83 12.36,-0.83 4.22,0 8.35,0.38 12.37,0.83 5.42,0.6 9.78,4.96 10.36,10.38 0.43,4 0.79,8.11 0.79,12.3 0,4.19 -0.36,8.3 -0.79,12.3zm-36.97 -0.15c-0.69,-0.33 -1.25,-2.66 -1.32,-5.56 -0.06,-2.15 -0.1,-4.35 -0.1,-6.59 0,-2.24 0.04,-4.44 0.1,-6.58 0.07,-2.91 0.63,-5.24 1.32,-5.56m5.16 13.8c-0.23,-0.54 -0.43,-1.1 -0.43,-1.66 0,-0.56 0.2,-1.12 0.43,-1.65 0.16,-0.19 0.32,-0.39 0.48,-0.58 1.38,-1.66 2.77,-3.26 4.13,-4.81 1.84,-2.1 3.63,-3.42 4.25,-3.15 0.47,0.2 0.92,0.44 1.26,0.84 0.33,0.4 0.53,0.94 0.7,1.5 0.21,0.71 -0.74,2.63 -2.3,4.69 1.2,-0.02 2.41,-0.04 3.64,-0.04 2.24,0 4.44,0.05 6.58,0.11 2.91,0.08 5.24,0.67 5.57,1.41 0.24,0.55 0.44,1.11 0.44,1.68 0,0.57 -0.2,1.14 -0.44,1.68 -0.33,0.74 -2.66,1.33 -5.57,1.41 -2.14,0.06 -4.34,0.11 -6.58,0.11 -1.23,0 -2.44,-0.01 -3.64,-0.04 1.56,2.06 2.51,3.98 2.3,4.69 -0.17,0.56 -0.37,1.1 -0.7,1.5 -0.34,0.4 -0.79,0.64 -1.25,0.84 -0.63,0.27 -2.42,-1.05 -4.26,-3.15 -1.36,-1.55 -2.75,-3.15 -4.13,-4.81 -0.16,-0.19 -0.32,-0.38 -0.48,-0.57z"/>
 </g>
</svg>
